Number of scatterers: 2
At special positions: 2
Unit cell: (4.7605, 4.7605, 12.9956, 90, 90, 120)
Space group: R -3 c :H (No. 167)
Wavelength: 1.540560 Angstroms
Chemical Formula: Al12 O18 
Number of atoms in unit cell: 30
hkl           2Theta   d-spacing   F            |F|^2     I         I (%)   mult
(1, 0, -2)     25.568   3.4811   -46.08+0.00j  2122.99  120965.89    62.29   6
(1, 0, 4)      35.139   2.5518   -81.05+0.00j  6568.43  189266.11    97.46   6
(1, 1, 0)      37.763   2.3802    59.23+0.00j  3507.95   86289.77    44.43   6
(0, 0, 6)      41.665   2.1659   -12.29+0.00j   151.15     996.13     0.51   2
(1, 1, 3)      43.339   2.0861    73.24+0.00j  5364.50  194198.24   100.00  12
(2, 0, 2)      46.162   1.9649   -13.53+0.00j   183.04    2873.56     1.48   6
(2, 0, -4)     52.533   1.7406   -90.14+0.00j  8124.86   95073.07    48.96   6
(1, 1, 6)      57.480   1.6020    99.72+0.00j  9943.44  189678.58    97.67  12
(2, 1, 1)      59.718   1.5472   -16.54+0.00j   273.67    4790.33     2.47  12
(2, 1, -2)     61.107   1.5153   -19.39+0.00j   376.03    6252.72     3.22  12
(1, 0, -8)     61.282   1.5114    41.43+0.00j  1716.18   14178.07     7.30   6
(2, 1, 4)      66.493   1.4050   -72.93+0.00j  5319.10   73579.55    37.89  12
(3, 0, 0)      68.183   1.3742   132.07+0.00j 17442.12  114445.77    58.93   6
(2, 1, -5)     70.390   1.3365    13.88+0.00j   192.66    2368.90     1.22  12
(2, 0, 8)      74.274   1.2759    22.44+0.00j   503.62    2790.92     1.44   6
(1, 0, 10)     76.848   1.2394   -78.68+0.00j  6190.86   32278.73    16.62   6
(1, 1, 9)      77.208   1.2346   -41.42+0.00j  1715.51   17746.15     9.14  12
(2, 1, 7)      80.387   1.1935    11.99+0.00j   143.85    1394.23     0.72  12
(2, 2, 0)      80.666   1.1901    50.52+0.00j  2552.65   12306.17     6.34   6
(3, 0, 6)      83.183   1.1604    11.75+0.00j   138.03     637.11     0.33   6
(3, 0, -6)     83.183   1.1604    11.75+0.00j   138.03     637.11     0.33   6
(2, 2, 3)      84.321   1.1476   -34.17+0.00j  1167.39   10589.56     5.45  12
(3, 1, -1)     85.104   1.1390    -7.86+0.00j    61.78     554.19     0.29  12
(3, 1, 2)      86.315   1.1261   -29.12+0.00j   848.17    7486.26     3.85  12
(2, 1, -8)     86.469   1.1245    24.69+0.00j   609.51    5369.35     2.76  12
(2, 0, -10)    88.963   1.0993   -58.95+0.00j  3474.61   14884.00     7.66   6
(0, 0, 12)     90.676   1.0830    51.22+0.00j  2623.66    3689.48     1.90   2
(3, 1, -4)     91.148   1.0786   -45.79+0.00j  2096.38   17623.32     9.07  12
(3, 1, 5)      94.777   1.0466     7.02+0.00j    49.26     405.80     0.21  12
(2, 2, 6)      95.207   1.0430    65.88+0.00j  4340.60   35703.49    18.39  12
(4, 0, -2)     98.348   1.0180   -33.80+0.00j  1142.27    4673.61     2.41   6
(2, 1, 10)    101.032   0.9980   -56.82+0.00j  3228.09   26503.97    13.65  12
(1, 1, 12)    102.783   0.9857    -8.71+0.00j    75.90     626.88     0.32  12
(4, 0, 4)     103.267   0.9824   -34.01+0.00j  1156.91    4787.52     2.47   6
(3, 1, -7)    104.591   0.9736     6.37+0.00j    40.61     338.40     0.17  12
(3, 2, 1)     109.484   0.9433    10.61+0.00j   112.66     975.81     0.50  12
(2, 1, -11)   109.811   0.9414    -8.74+0.00j    76.41     663.96     0.34  12
(3, 2, -2)    110.771   0.9360    -6.03+0.00j    36.31     318.72     0.16  12
(3, 1, 8)     110.935   0.9350    30.43+0.00j   926.05    8143.39     4.19  12
(2, 2, 9)     114.013   0.9184    25.39+0.00j   644.70    5885.05     3.03  12
(3, 2, 4)     116.037   0.9081   -54.28+0.00j  2946.11   27662.40    14.24  12
(1, 0, -14)   116.551   0.9056    44.97+0.00j  2022.68    9568.48     4.93   6
(4, 1, 0)     117.785   0.8996    40.11+0.00j  1609.21   15516.35     7.99  12
(3, 2, -5)    120.145   0.8888    -9.82+0.00j    96.41     966.47     0.50  12
(4, 1, -3)    121.964   0.8809   -22.36+0.00j   499.84    5175.43     2.67  12
(4, 1, 3)     121.964   0.8809    22.36+0.00j   499.84    5175.43     2.67  12
(4, 0, -8)    124.525   0.8703    34.01+0.00j  1156.46    6286.03     3.24   6
(3, 1, -10)   127.609   0.8585   -55.82+0.00j  3115.33   36089.07    18.58  12
(3, 0, 12)    129.804   0.8506    34.91+0.00j  1218.97    7410.48     3.82   6
(3, 0, -12)   129.804   0.8506    34.91+0.00j  1218.97    7410.48     3.82   6
(2, 0, 14)    131.030   0.8464    48.96+0.00j  2397.14   14988.95     7.72   6
(3, 2, 7)     132.130   0.8428    -9.17+0.00j    84.08    1079.13     0.56  12
(2, 1, 13)    132.546   0.8414    -7.56+0.00j    57.09     740.11     0.38  12
(4, 1, 6)     135.981   0.8308    47.19+0.00j  2227.24   31468.64    16.20  12
(4, 1, -6)    135.981   0.8308    47.19+0.00j  2227.24   31468.64    16.20  12
(3, 1, 11)    139.272   0.8216    -5.11+0.00j    26.13     403.56     0.21  12
(3, 2, -8)    140.915   0.8174    10.67+0.00j   113.77    1841.04     0.95  12
(1, 1, 15)    142.223   0.8141    23.94+0.00j   573.15    9639.82     4.96  12
(4, 0, 10)    145.056   0.8075   -56.74+0.00j  3219.50   29556.92    15.22   6
(2, 2, 12)    148.169   0.8010    -5.99+0.00j    35.89     731.01     0.38  12
Number of scatterers: 2
At special positions: 2
Unit cell: (4.7605, 4.7605, 12.9956, 90, 90, 120)
Space group: R -3 c :H (No. 167)
Wavelength: 1.544390 Angstroms
Chemical Formula: Al12 O18 
Number of atoms in unit cell: 30
hkl           2Theta   d-spacing   F            |F|^2     I         I (%)   mult
(1, 0, -2)     25.632   3.4811   -46.08+0.00j  2122.99   57755.39    62.32   6
(1, 0, 4)      35.229   2.5518   -81.05+0.00j  6568.43   90339.91    97.49   6
(1, 1, 0)      37.861   2.3802    59.23+0.00j  3507.95   41184.12    44.44   6
(0, 0, 6)      41.773   2.1659   -12.29+0.00j   151.15     475.37     0.51   2
(1, 1, 3)      43.452   2.0861    73.24+0.00j  5364.50   92670.14   100.00  12
(2, 0, 2)      46.283   1.9649   -13.53+0.00j   183.04    1371.13     1.48   6
(2, 0, -4)     52.673   1.7406   -90.14+0.00j  8124.86   45358.01    48.95   6
(1, 1, 6)      57.636   1.6020    99.72+0.00j  9943.44   90488.89    97.65  12
(2, 1, 1)      59.882   1.5472   -16.54+0.00j   273.67    2285.32     2.47  12
(2, 1, -2)     61.275   1.5153   -19.39+0.00j   376.03    2983.02     3.22  12
(1, 0, -8)     61.451   1.5114    41.43+0.00j  1716.18    6764.03     7.30   6
(2, 1, 4)      66.680   1.4050   -72.93+0.00j  5319.10   35108.69    37.89  12
(3, 0, 0)      68.376   1.3742   132.07+0.00j 17442.12   54612.95    58.93   6
(2, 1, -5)     70.591   1.3365    13.88+0.00j   192.66    1130.59     1.22  12
(2, 0, 8)      74.490   1.2759    22.44+0.00j   503.62    1332.48     1.44   6
(1, 0, 10)     77.074   1.2394   -78.68+0.00j  6190.86   15415.77    16.64   6
(1, 1, 9)      77.436   1.2346   -41.42+0.00j  1715.51    8475.67     9.15  12
(2, 1, 7)      80.628   1.1935    11.99+0.00j   143.85     666.21     0.72  12
(2, 2, 0)      80.908   1.1901    50.52+0.00j  2552.65    5880.61     6.35   6
(3, 0, 6)      83.436   1.1604    11.75+0.00j   138.03     304.59     0.33   6
(3, 0, -6)     83.436   1.1604    11.75+0.00j   138.03     304.59     0.33   6
(2, 2, 3)      84.579   1.1476   -34.17+0.00j  1167.39    5063.81     5.46  12
(3, 1, -1)     85.365   1.1390    -7.86+0.00j    61.78     265.05     0.29  12
(3, 1, 2)      86.582   1.1261   -29.12+0.00j   848.17    3581.40     3.86  12
(2, 1, -8)     86.737   1.1245    24.69+0.00j   609.51    2568.77     2.77  12
(2, 0, -10)    89.244   1.0993   -58.95+0.00j  3474.61    7124.97     7.69   6
(0, 0, 12)     90.965   1.0830    51.22+0.00j  2623.66    1766.94     1.91   2
(3, 1, -4)     91.439   1.0786   -45.79+0.00j  2096.38    8441.12     9.11  12
(3, 1, 5)      95.087   1.0466     7.02+0.00j    49.26     194.57     0.21  12
(2, 2, 6)      95.520   1.0430    65.88+0.00j  4340.60   17121.15    18.48  12
(4, 0, -2)     98.678   1.0180   -33.80+0.00j  1142.27    2243.40     2.42   6
(2, 1, 10)    101.379   0.9980   -56.82+0.00j  3228.09   12733.82    13.74  12
(1, 1, 12)    103.140   0.9857    -8.71+0.00j    75.90     301.37     0.33  12
(4, 0, 4)     103.628   0.9824   -34.01+0.00j  1156.91    2301.97     2.48   6
(3, 1, -7)    104.960   0.9736     6.37+0.00j    40.61     162.79     0.18  12
(3, 2, 1)     109.888   0.9433    10.61+0.00j   112.66     470.29     0.51  12
(2, 1, -11)   110.217   0.9414    -8.74+0.00j    76.41     320.04     0.35  12
(3, 2, -2)    111.184   0.9360    -6.03+0.00j    36.31     153.68     0.17  12
(3, 1, 8)     111.350   0.9350    30.43+0.00j   926.05    3926.97     4.24  12
(2, 2, 9)     114.453   0.9184    25.39+0.00j   644.70    2841.53     3.07  12
(3, 2, 4)     116.494   0.9081   -54.28+0.00j  2946.11   13368.03    14.43  12
(1, 0, -14)   117.013   0.9056    44.97+0.00j  2022.68    4625.07     4.99   6
(4, 1, 0)     118.259   0.8996    40.11+0.00j  1609.21    7504.18     8.10  12
(3, 2, -5)    120.641   0.8888    -9.82+0.00j    96.41     467.92     0.50  12
(4, 1, -3)    122.480   0.8809   -22.36+0.00j   499.84    2507.95     2.71  12
(4, 1, 3)     122.480   0.8809    22.36+0.00j   499.84    2507.95     2.71  12
(4, 0, -8)    125.069   0.8703    34.01+0.00j  1156.46    3050.16     3.29   6
(3, 1, -10)   128.191   0.8585   -55.82+0.00j  3115.33   17541.98    18.93  12
(3, 0, 12)    130.415   0.8506    34.91+0.00j  1218.97    3606.98     3.89   6
(3, 0, -12)   130.415   0.8506    34.91+0.00j  1218.97    3606.98     3.89   6
(2, 0, 14)    131.659   0.8464    48.96+0.00j  2397.14    7301.73     7.88   6
(3, 2, 7)     132.776   0.8428    -9.17+0.00j    84.08     526.10     0.57  12
(2, 1, 13)    133.199   0.8414    -7.56+0.00j    57.09     360.93     0.39  12
(4, 1, 6)     136.691   0.8308    47.19+0.00j  2227.24   15389.04    16.61  12
(4, 1, -6)    136.691   0.8308    47.19+0.00j  2227.24   15389.04    16.61  12
(3, 1, 11)    140.047   0.8216    -5.11+0.00j    26.13     197.99     0.21  12
(3, 2, -8)    141.726   0.8174    10.67+0.00j   113.77     904.96     0.98  12
(1, 1, 15)    143.064   0.8141    23.94+0.00j   573.15    4746.36     5.12  12
(4, 0, 10)    145.973   0.8075   -56.74+0.00j  3219.50   14615.06    15.77   6
(2, 2, 12)    149.184   0.8010    -5.99+0.00j    35.89     363.65     0.39  12
