5	1
5.02	1
5.04	1
5.06	1
5.08	1
5.1	1
5.12	1
5.14	1
5.16	1
5.18	1
5.2	1
5.22	1
5.24	1
5.26	1
5.28	1
5.3	1
5.32	1
5.34	1
5.36	1
5.38	1
5.4	1
5.42	1
5.44	1
5.46	1
5.48	1
5.5	1
5.52	1
5.54	1
5.56	1
5.58	1
5.6	1
5.62	1
5.64	1
5.66	1
5.68	1
5.7	1
5.72	1
5.74	1
5.76	1
5.78	1
5.8	1
5.82	1
5.84	1
5.86	1
5.88	1
5.9	1
5.92	1
5.94	1
5.96	1
5.98	1
6	1
6.02	1
6.04	1
6.06	1
6.08	1
6.1	1
6.12	1
6.14	1
6.16	1
6.18	1
6.2	1
6.22	1
6.24	1
6.26	1
6.28	1
6.3	1
6.32	1
6.34	1
6.36	1
6.38	1
6.4	1
6.42	1
6.44	1
6.46	1
6.48	1
6.5	1
6.52	1
6.54	1
6.56	1
6.58	1
6.6	1
6.62	1
6.64	1
6.66	1
6.68	1
6.7	1
6.72	1
6.74	1
6.76	1
6.78	1
6.8	1
6.82	1
6.84	1
6.86	1
6.88	1
6.9	1
6.92	1
6.94	1
6.96	1
6.98	1
7	1
7.02	1
7.04	1
7.06	1
7.08	1
7.1	1
7.12	1
7.14	1
7.16	1
7.18	1
7.2	1
7.22	1
7.24	1
7.26	1
7.28	1
7.3	1
7.32	1
7.34	1
7.36	1
7.38	1
7.4	1
7.42	1
7.44	1
7.46	1
7.48	1
7.5	1
7.52	1
7.54	1
7.56	1
7.58	1
7.6	1
7.62	1
7.64	1
7.66	1
7.68	1
7.7	1
7.72	1
7.74	1
7.76	1
7.78	1
7.8	1
7.82	1
7.84	1
7.86	1
7.88	1
7.9	1
7.92	1
7.94	1
7.96	1
7.98	1
8	1
8.02	1
8.04	1
8.06	1
8.08	1
8.1	1
8.12	1
8.14	1
8.16	1
8.18	1
8.2	1
8.22	1
8.24	1
8.26	1
8.28	1
8.3	1
8.32	1
8.34	1
8.36	1
8.38	1
8.4	1
8.42	1
8.44	1
8.46	1
8.48	1
8.5	1
8.52	1
8.54	1
8.56	1
8.58	1
8.6	1
8.62	1
8.64	1
8.66	1
8.68	1
8.7	1
8.72	1
8.74	1
8.76	1
8.78	1
8.8	1
8.82	1
8.84	1
8.86	1
8.88	1
8.9	1
8.92	1
8.94	1
8.96	1
8.98	1
9	1
9.02	1
9.04	1
9.06	1
9.08	1
9.1	1
9.12	1
9.14	1
9.16	1
9.18	1
9.2	1
9.22	1
9.24	1
9.26	1
9.28	1
9.3	1
9.32	1
9.34	1
9.36	1
9.38	1
9.4	1
9.42	1
9.44	1
9.46	1
9.48	1
9.5	1
9.52	1
9.54	1
9.56	1
9.58	1
9.6	1
9.62	1
9.64	1
9.66	1
9.68	1
9.7	1
9.72	1
9.74	1
9.76	1
9.78	1
9.8	1
9.82	1
9.84	1
9.86	1
9.88	1
9.9	1
9.92	1
9.94	1
9.96	1
9.98	1
10	1
10.02	1
10.04	1
10.06	1
10.08	1
10.1	1
10.12	1
10.14	1
10.16	1
10.18	1
10.2	1
10.22	1
10.24	1
10.26	1
10.28	1
10.3	1
10.32	1
10.34	1
10.36	1
10.38	1
10.4	1
10.42	1
10.44	1
10.46	1
10.48	1
10.5	1
10.52	1
10.54	1
10.56	1
10.58	1
10.6	1
10.62	1
10.64	1
10.66	1
10.68	1
10.7	1
10.72	1
10.74	1
10.76	1
10.78	1
10.8	1
10.82	1
10.84	1
10.86	1
10.88	1
10.9	1
10.92	1
10.94	1
10.96	1
10.98	1
11	1
11.02	1
11.04	1
11.06	1
11.08	1
11.1	1
11.12	1
11.14	1
11.16	1
11.18	1
11.2	1
11.22	1
11.24	1
11.26	1
11.28	1
11.3	1
11.32	1
11.34	1
11.36	1
11.38	1
11.4	1
11.42	1
11.44	1
11.46	1
11.48	1
11.5	1
11.52	1
11.54	1
11.56	1
11.58	1
11.6	1
11.62	1
11.64	1
11.66	1
11.68	1
11.7	1
11.72	1
11.74	1
11.76	1
11.78	1
11.8	1
11.82	1
11.84	1
11.86	1
11.88	1
11.9	1
11.92	1
11.94	1
11.96	1
11.98	1
12	1
12.02	1
12.04	1
12.06	1
12.08	1
12.1	1
12.12	1
12.14	1
12.16	1
12.18	1
12.2	1
12.22	1
12.24	1
12.26	1
12.28	1
12.3	1
12.32	1
12.34	1
12.36	1
12.38	1
12.4	1
12.42	1
12.44	1
12.46	1
12.48	1
12.5	1
12.52	1
12.54	1
12.56	1
12.58	1
12.6	1
12.62	1
12.64	1
12.66	1
12.68	1
12.7	1
12.72	1
12.74	1
12.76	1
12.78	1
12.8	1
12.82	1
12.84	1
12.86	1
12.88	1
12.9	1
12.92	1
12.94	1
12.96	1
12.98	1
13	1
13.02	1
13.04	1
13.06	1
13.08	1
13.1	1
13.12	1
13.14	1
13.16	1
13.18	1
13.2	1
13.22	1
13.24	1
13.26	1
13.28	1
13.3	1
13.32	1
13.34	1
13.36	1
13.38	1
13.4	1
13.42	1
13.44	1
13.46	1
13.48	1
13.5	1
13.52	1
13.54	1
13.56	1
13.58	1
13.6	1
13.62	1
13.64	1
13.66	1
13.68	1
13.7	1
13.72	1
13.74	1
13.76	1
13.78	1
13.8	1
13.82	1
13.84	1
13.86	1
13.88	1
13.9	1
13.92	1
13.94	1
13.96	1
13.98	1
14	1
14.02	1
14.04	1
14.06	1
14.08	1
14.1	1
14.12	1
14.14	1
14.16	1
14.18	1
14.2	1
14.22	1
14.24	1
14.26	1
14.28	1
14.3	1
14.32	1
14.34	1
14.36	1
14.38	1
14.4	1
14.42	1
14.44	1
14.46	1
14.48	1
14.5	1
14.52	1
14.54	1
14.56	1
14.58	1
14.6	1
14.62	1
14.64	1
14.66	1
14.68	1
14.7	1
14.72	1
14.74	1
14.76	1
14.78	1
14.8	1
14.82	1
14.84	1
14.86	1
14.88	1
14.9	1
14.92	1
14.94	1
14.96	1
14.98	1
15	1
15.02	1
15.04	1
15.06	1
15.08	1
15.1	1
15.12	1
15.14	1
15.16	1
15.18	1
15.2	1
15.22	1
15.24	1
15.26	1
15.28	1
15.3	1
15.32	1
15.34	1
15.36	1
15.38	1
15.4	1
15.42	1
15.44	1
15.46	1
15.48	1
15.5	1
15.52	1
15.54	1
15.56	1
15.58	1
15.6	1
15.62	1
15.64	1
15.66	1
15.68	1
15.7	1
15.72	1
15.74	1
15.76	1
15.78	1
15.8	1
15.82	1
15.84	1
15.86	1
15.88	1
15.9	1
15.92	1
15.94	1
15.96	1
15.98	1
16	1
16.02	1
16.04	1
16.06	1
16.08	1
16.1	1
16.12	1
16.14	1
16.16	1
16.18	1
16.2	1
16.22	1
16.24	1
16.26	1
16.28	1
16.3	1
16.32	1
16.34	1
16.36	1
16.38	1
16.4	1
16.42	1
16.44	1
16.46	1
16.48	1
16.5	1
16.52	1
16.54	1
16.56	1
16.58	1
16.6	1
16.62	1
16.64	1
16.66	1
16.68	1
16.7	1
16.72	1
16.74	1
16.76	1
16.78	1
16.8	1
16.82	1
16.84	1
16.86	1
16.88	1
16.9	1
16.92	1
16.94	1
16.96	1
16.98	1
17	1
17.02	1
17.04	1
17.06	1
17.08	1
17.1	1
17.12	1
17.14	1
17.16	1
17.18	1
17.2	1
17.22	1
17.24	1
17.26	1
17.28	1
17.3	1
17.32	1
17.34	1
17.36	1
17.38	1
17.4	1
17.42	1
17.44	1
17.46	1
17.48	1
17.5	1
17.52	1
17.54	1
17.56	1
17.58	1
17.6	1
17.62	1
17.64	1
17.66	1
17.68	1
17.7	1
17.72	1
17.74	1
17.76	1
17.78	1
17.8	1
17.82	1
17.84	1
17.86	1
17.88	1
17.9	1
17.92	1
17.94	1
17.96	1
17.98	1
18	1
18.02	1
18.04	1
18.06	1
18.08	1
18.1	1
18.12	1
18.14	1
18.16	1
18.18	1
18.2	1
18.22	1
18.24	1
18.26	1
18.28	1
18.3	1
18.32	1
18.34	1
18.36	1
18.38	1
18.4	1
18.42	1
18.44	1
18.46	1
18.48	1
18.5	1
18.52	1
18.54	1
18.56	1
18.58	1
18.6	1
18.62	1
18.64	1
18.66	1
18.68	1
18.7	1
18.72	1
18.74	1
18.76	1
18.78	1
18.8	1
18.82	1
18.84	1
18.86	1
18.88	1
18.9	1
18.92	1
18.94	1
18.96	1
18.98	1
19	1
19.02	1
19.04	1
19.06	1
19.08	1
19.1	1
19.12	1
19.14	1
19.16	1
19.18	1
19.2	1
19.22	1
19.24	1
19.26	1
19.28	1
19.3	1
19.32	1
19.34	1
19.36	1
19.38	1
19.4	1
19.42	1
19.44	1
19.46	1
19.48	1
19.5	1
19.52	1
19.54	1
19.56	1
19.58	1
19.6	1
19.62	1
19.64	1
19.66	1
19.68	1
19.7	1
19.72	1
19.74	1
19.76	1
19.78	1
19.8	1
19.82	1
19.84	1
19.86	1
19.88	1
19.9	1
19.92	1
19.94	1
19.96	1
19.98	1
20	1
20.02	1
20.04	1
20.06	1
20.08	1
20.1	1
20.12	1
20.14	1
20.16	1
20.18	1
20.2	1
20.22	1
20.24	1
20.26	1
20.28	1
20.3	1
20.32	1
20.34	1
20.36	1
20.38	1
20.4	1
20.42	1
20.44	1
20.46	1
20.48	1
20.5	1
20.52	1
20.54	1
20.56	1
20.58	1
20.6	1
20.62	1
20.64	1
20.66	1
20.68	1
20.7	1
20.72	1
20.74	1
20.76	1
20.78	1
20.8	1
20.82	1
20.84	1
20.86	1
20.88	1
20.9	1
20.92	1
20.94	1
20.96	1
20.98	1
21	1
21.02	1
21.04	1
21.06	1
21.08	1
21.1	1
21.12	1
21.14	1
21.16	1
21.18	1
21.2	1
21.22	1
21.24	1
21.26	1
21.28	1
21.3	1
21.32	1
21.34	1
21.36	1
21.38	1
21.4	1
21.42	1
21.44	1
21.46	1
21.48	1
21.5	1
21.52	1
21.54	1
21.56	1
21.58	1
21.6	1
21.62	1
21.64	1
21.66	1
21.68	1
21.7	1
21.72	1
21.74	1
21.76	1
21.78	1
21.8	1
21.82	1
21.84	1
21.86	1
21.88	1
21.9	1
21.92	1
21.94	1
21.96	1
21.98	1
22	1
22.02	1
22.04	1
22.06	1
22.08	1
22.1	1
22.12	1
22.14	1
22.16	1
22.18	1
22.2	1
22.22	1
22.24	1
22.26	1
22.28	1
22.3	1
22.32	1
22.34	1
22.36	1
22.38	1
22.4	1
22.42	1
22.44	1
22.46	1
22.48	1
22.5	1
22.52	1
22.54	1
22.56	1
22.58	1
22.6	1
22.62	1
22.64	2
22.66	2
22.68	2
22.7	2
22.72	2
22.74	2
22.76	2
22.78	2
22.8	2
22.82	2
22.84	2
22.86	2
22.88	2
22.9	2
22.92	2
22.94	2
22.96	2
22.98	2
23	2
23.02	2
23.04	2
23.06	2
23.08	2
23.1	2
23.12	2
23.14	2
23.16	2
23.18	2
23.2	2
23.22	2
23.24	2
23.26	2
23.28	2
23.3	2
23.32	3
23.34	3
23.36	3
23.38	3
23.4	3
23.42	3
23.44	3
23.46	3
23.48	3
23.5	3
23.52	3
23.54	3
23.56	3
23.58	3
23.6	3
23.62	3
23.64	3
23.66	4
23.68	4
23.7	4
23.72	4
23.74	4
23.76	4
23.78	4
23.8	4
23.82	4
23.84	4
23.86	4
23.88	4
23.9	5
23.92	5
23.94	5
23.96	5
23.98	5
24	5
24.02	5
24.04	5
24.06	6
24.08	6
24.1	6
24.12	6
24.14	6
24.16	6
24.18	7
24.2	7
24.22	7
24.24	7
24.26	7
24.28	8
24.3	8
24.32	8
24.34	8
24.36	9
24.38	9
24.4	9
24.42	10
24.44	10
24.46	10
24.48	11
24.5	11
24.52	11
24.54	12
24.56	12
24.58	13
24.6	13
24.62	14
24.64	14
24.66	15
24.68	16
24.7	16
24.72	17
24.74	18
24.76	19
24.78	20
24.8	21
24.82	22
24.84	23
24.86	24
24.88	26
24.9	27
24.92	29
24.94	31
24.96	33
24.98	35
25	37
25.02	40
25.04	43
25.06	46
25.08	50
25.1	54
25.12	59
25.14	64
25.16	70
25.18	77
25.2	85
25.22	94
25.24	105
25.26	118
25.28	134
25.3	153
25.32	175
25.34	204
25.36	241
25.38	291
25.4	367
25.42	491
25.44	705
25.46	1076
25.48	1679
25.5	2564
25.52	3712
25.54	4964
25.56	5974
25.58	5926
25.6	4342
25.62	3299
25.64	2732
25.66	1611
25.68	724
25.7	337
25.72	202
25.74	144
25.76	110
25.78	86
25.8	70
25.82	58
25.84	49
25.86	42
25.88	36
25.9	31
25.92	28
25.94	24
25.96	22
25.98	20
26	18
26.02	16
26.04	15
26.06	13
26.08	12
26.1	11
26.12	11
26.14	10
26.16	9
26.18	9
26.2	8
26.22	7
26.24	7
26.26	7
26.28	6
26.3	6
26.32	6
26.34	5
26.36	5
26.38	5
26.4	5
26.42	4
26.44	4
26.46	4
26.48	4
26.5	4
26.52	3
26.54	3
26.56	3
26.58	3
26.6	3
26.62	3
26.64	3
26.66	3
26.68	2
26.7	2
26.72	2
26.74	2
26.76	2
26.78	2
26.8	2
26.82	2
26.84	2
26.86	2
26.88	2
26.9	2
26.92	2
26.94	2
26.96	2
26.98	2
27	1
27.02	1
27.04	1
27.06	1
27.08	1
27.1	1
27.12	1
27.14	1
27.16	1
27.18	1
27.2	1
27.22	1
27.24	1
27.26	1
27.28	1
27.3	1
27.32	1
27.34	1
27.36	1
27.38	1
27.4	1
27.42	1
27.44	1
27.46	1
27.48	1
27.5	1
27.52	1
27.54	1
27.56	1
27.58	1
27.6	1
27.62	1
27.64	1
27.66	1
27.68	1
27.7	1
27.72	1
27.74	1
27.76	1
27.78	1
27.8	1
27.82	1
27.84	1
27.86	1
27.88	1
27.9	1
27.92	1
27.94	1
27.96	1
27.98	1
28	1
28.02	1
28.04	1
28.06	1
28.08	1
28.1	1
28.12	1
28.14	1
28.16	1
28.18	1
28.2	1
28.22	1
28.24	1
28.26	1
28.28	1
28.3	1
28.32	1
28.34	1
28.36	1
28.38	1
28.4	1
28.42	1
28.44	1
28.46	1
28.48	1
28.5	1
28.52	1
28.54	1
28.56	1
28.58	1
28.6	1
28.62	1
28.64	1
28.66	1
28.68	1
28.7	1
28.72	1
28.74	1
28.76	1
28.78	1
28.8	1
28.82	1
28.84	1
28.86	1
28.88	1
28.9	1
28.92	1
28.94	1
28.96	1
28.98	1
29	1
29.02	1
29.04	1
29.06	1
29.08	1
29.1	1
29.12	1
29.14	1
29.16	1
29.18	1
29.2	1
29.22	1
29.24	1
29.26	1
29.28	1
29.3	1
29.32	1
29.34	1
29.36	1
29.38	1
29.4	1
29.42	1
29.44	1
29.46	1
29.48	1
29.5	1
29.52	1
29.54	1
29.56	1
29.58	1
29.6	1
29.62	1
29.64	1
29.66	1
29.68	1
29.7	1
29.72	1
29.74	1
29.76	1
29.78	1
29.8	1
29.82	1
29.84	1
29.86	1
29.88	1
29.9	1
29.92	1
29.94	1
29.96	1
29.98	1
30	1
30.02	1
30.04	1
30.06	1
30.08	1
30.1	1
30.12	1
30.14	1
30.16	1
30.18	1
30.2	1
30.22	1
30.24	1
30.26	1
30.28	1
30.3	1
30.32	1
30.34	1
30.36	1
30.38	1
30.4	1
30.42	1
30.44	1
30.46	1
30.48	1
30.5	1
30.52	1
30.54	1
30.56	1
30.58	1
30.6	1
30.62	1
30.64	1
30.66	1
30.68	1
30.7	1
30.72	1
30.74	1
30.76	1
30.78	1
30.8	1
30.82	1
30.84	1
30.86	1
30.88	1
30.9	1
30.92	1
30.94	1
30.96	1
30.98	1
31	1
31.02	1
31.04	1
31.06	1
31.08	1
31.1	1
31.12	1
31.14	1
31.16	1
31.18	1
31.2	1
31.22	1
31.24	1
31.26	1
31.28	1
31.3	1
31.32	1
31.34	1
31.36	1
31.38	1
31.4	1
31.42	1
31.44	1
31.46	1
31.48	1
31.5	1
31.52	1
31.54	1
31.56	1
31.58	1
31.6	1
31.62	1
31.64	1
31.66	1
31.68	1
31.7	1
31.72	1
31.74	1
31.76	1
31.78	1
31.8	1
31.82	1
31.84	1
31.86	1
31.88	2
31.9	2
31.92	2
31.94	2
31.96	2
31.98	2
32	2
32.02	2
32.04	2
32.06	2
32.08	2
32.1	2
32.12	2
32.14	2
32.16	2
32.18	2
32.2	2
32.22	2
32.24	2
32.26	2
32.28	2
32.3	2
32.32	2
32.34	2
32.36	2
32.38	2
32.4	2
32.42	2
32.44	2
32.46	2
32.48	2
32.5	2
32.52	2
32.54	2
32.56	2
32.58	2
32.6	2
32.62	3
32.64	3
32.66	3
32.68	3
32.7	3
32.72	3
32.74	3
32.76	3
32.78	3
32.8	3
32.82	3
32.84	3
32.86	3
32.88	3
32.9	3
32.92	3
32.94	3
32.96	3
32.98	3
33	3
33.02	4
33.04	4
33.06	4
33.08	4
33.1	4
33.12	4
33.14	4
33.16	4
33.18	4
33.2	4
33.22	4
33.24	4
33.26	4
33.28	5
33.3	5
33.32	5
33.34	5
33.36	5
33.38	5
33.4	5
33.42	5
33.44	5
33.46	6
33.48	6
33.5	6
33.52	6
33.54	6
33.56	6
33.58	6
33.6	7
33.62	7
33.64	7
33.66	7
33.68	7
33.7	8
33.72	8
33.74	8
33.76	8
33.78	8
33.8	9
33.82	9
33.84	9
33.86	10
33.88	10
33.9	10
33.92	10
33.94	11
33.96	11
33.98	12
34	12
34.02	12
34.04	13
34.06	13
34.08	14
34.1	14
34.12	15
34.14	15
34.16	16
34.18	17
34.2	17
34.22	18
34.24	19
34.26	20
34.28	21
34.3	22
34.32	23
34.34	24
34.36	25
34.38	26
34.4	28
34.42	29
34.44	31
34.46	33
34.48	35
34.5	37
34.52	39
34.54	42
34.56	45
34.58	48
34.6	51
34.62	55
34.64	59
34.66	64
34.68	69
34.7	75
34.72	82
34.74	90
34.76	99
34.78	109
34.8	121
34.82	136
34.84	153
34.86	173
34.88	198
34.9	229
34.92	268
34.94	318
34.96	383
34.98	476
35	625
35.02	895
35.04	1415
35.06	2373
35.08	3926
35.1	6024
35.12	8187
35.14	9401
35.16	7830
35.18	5515
35.2	4675
35.22	4726
35.24	4280
35.26	2627
35.28	1269
35.3	614
35.32	367
35.34	261
35.36	201
35.38	160
35.4	131
35.42	110
35.44	93
35.46	80
35.48	70
35.5	61
35.52	54
35.54	49
35.56	44
35.58	40
35.6	36
35.62	33
35.64	30
35.66	28
35.68	26
35.7	24
35.72	23
35.74	21
35.76	20
35.78	19
35.8	18
35.82	17
35.84	16
35.86	15
35.88	14
35.9	14
35.92	13
35.94	13
35.96	12
35.98	12
36	11
36.02	11
36.04	11
36.06	10
36.08	10
36.1	10
36.12	9
36.14	9
36.16	9
36.18	9
36.2	9
36.22	8
36.24	8
36.26	8
36.28	8
36.3	8
36.32	8
36.34	8
36.36	8
36.38	8
36.4	8
36.42	8
36.44	8
36.46	8
36.48	8
36.5	8
36.52	8
36.54	8
36.56	8
36.58	8
36.6	8
36.62	8
36.64	8
36.66	8
36.68	8
36.7	8
36.72	9
36.74	9
36.76	9
36.78	9
36.8	9
36.82	10
36.84	10
36.86	10
36.88	10
36.9	11
36.92	11
36.94	11
36.96	12
36.98	12
37	13
37.02	12
37.04	13
37.06	13
37.08	14
37.1	15
37.12	15
37.14	16
37.16	17
37.18	18
37.2	20
37.22	21
37.24	23
37.26	24
37.28	26
37.3	28
37.32	31
37.34	34
37.36	37
37.38	41
37.4	45
37.42	50
37.44	56
37.46	63
37.48	71
37.5	81
37.52	94
37.54	109
37.56	129
37.58	155
37.6	191
37.62	245
37.64	340
37.66	524
37.68	881
37.7	1497
37.72	2392
37.74	3399
37.76	4073
37.78	3657
37.8	2530
37.82	1975
37.84	2001
37.86	2081
37.88	1636
37.9	908
37.92	433
37.94	225
37.96	145
37.98	107
38	84
38.02	68
38.04	56
38.06	47
38.08	40
38.1	35
38.12	30
38.14	27
38.16	24
38.18	21
38.2	19
38.22	17
38.24	16
38.26	14
38.28	13
38.3	12
38.32	11
38.34	10
38.36	10
38.38	9
38.4	8
38.42	8
38.44	7
38.46	7
38.48	6
38.5	6
38.52	6
38.54	5
38.56	5
38.58	5
38.6	5
38.62	4
38.64	4
38.66	4
38.68	4
38.7	4
38.72	4
38.74	3
38.76	3
38.78	3
38.8	3
38.82	3
38.84	3
38.86	3
38.88	3
38.9	2
38.92	2
38.94	2
38.96	2
38.98	2
39	2
39.02	2
39.04	2
39.06	2
39.08	2
39.1	2
39.12	2
39.14	2
39.16	2
39.18	2
39.2	2
39.22	1
39.24	1
39.26	1
39.28	1
39.3	1
39.32	1
39.34	1
39.36	1
39.38	1
39.4	1
39.42	1
39.44	1
39.46	1
39.48	1
39.5	1
39.52	1
39.54	1
39.56	1
39.58	1
39.6	1
39.62	1
39.64	1
39.66	1
39.68	1
39.7	1
39.72	1
39.74	1
39.76	1
39.78	1
39.8	1
39.82	1
39.84	1
39.86	1
39.88	1
39.9	1
39.92	1
39.94	1
39.96	1
39.98	1
40	1
40.02	1
40.04	1
40.06	1
40.08	1
40.1	1
40.12	1
40.14	1
40.16	2
40.18	2
40.2	2
40.22	2
40.24	2
40.26	2
40.28	2
40.3	2
40.32	2
40.34	2
40.36	2
40.38	2
40.4	2
40.42	2
40.44	2
40.46	2
40.48	2
40.5	2
40.52	2
40.54	2
40.56	2
40.58	2
40.6	2
40.62	2
40.64	2
40.66	2
40.68	2
40.7	2
40.72	2
40.74	2
40.76	2
40.78	2
40.8	2
40.82	2
40.84	2
40.86	3
40.88	3
40.9	3
40.92	3
40.94	3
40.96	3
40.98	3
41	3
41.02	3
41.04	3
41.06	3
41.08	3
41.1	3
41.12	3
41.14	3
41.16	4
41.18	4
41.2	4
41.22	4
41.24	4
41.26	4
41.28	4
41.3	4
41.32	4
41.34	5
41.36	5
41.38	5
41.4	5
41.42	6
41.44	6
41.46	6
41.48	7
41.5	7
41.52	8
41.54	9
41.56	12
41.58	17
41.6	26
41.62	39
41.64	55
41.66	67
41.68	62
41.7	44
41.72	33
41.74	33
41.76	37
41.78	37
41.8	28
41.82	18
41.84	12
41.86	10
41.88	9
41.9	9
41.92	9
41.94	9
41.96	9
41.98	9
42	9
42.02	9
42.04	9
42.06	10
42.08	10
42.1	10
42.12	10
42.14	11
42.16	11
42.18	11
42.2	12
42.22	12
42.24	12
42.26	13
42.28	13
42.3	14
42.32	14
42.34	15
42.36	16
42.38	16
42.4	17
42.42	18
42.44	18
42.46	19
42.48	20
42.5	21
42.52	22
42.54	23
42.56	24
42.58	25
42.6	27
42.62	28
42.64	30
42.66	32
42.68	33
42.7	35
42.72	38
42.74	40
42.76	43
42.78	46
42.8	49
42.82	53
42.84	57
42.86	61
42.88	66
42.9	72
42.92	79
42.94	86
42.96	95
42.98	105
43	117
43.02	131
43.04	147
43.06	167
43.08	191
43.1	221
43.12	258
43.14	306
43.16	370
43.18	457
43.2	589
43.22	824
43.24	1291
43.26	2220
43.28	3857
43.3	6223
43.32	8742
43.34	10000
43.36	8145
43.38	5335
43.4	4057
43.42	4285
43.44	4966
43.46	4889
43.48	3358
43.5	1793
43.52	888
43.54	499
43.56	339
43.58	257
43.6	204
43.62	167
43.64	139
43.66	118
43.68	101
43.7	88
43.72	77
43.74	68
43.76	61
43.78	55
43.8	49
43.82	45
43.84	41
43.86	37
43.88	34
43.9	32
43.92	29
43.94	27
43.96	25
43.98	24
44	22
44.02	21
44.04	20
44.06	18
44.08	17
44.1	16
44.12	16
44.14	15
44.16	14
44.18	13
44.2	13
44.22	12
44.24	11
44.26	11
44.28	10
44.3	10
44.32	10
44.34	9
44.36	9
44.38	8
44.4	8
44.42	8
44.44	8
44.46	7
44.48	7
44.5	7
44.52	6
44.54	6
44.56	6
44.58	6
44.6	6
44.62	5
44.64	5
44.66	5
44.68	5
44.7	5
44.72	5
44.74	5
44.76	4
44.78	4
44.8	4
44.82	4
44.84	4
44.86	4
44.88	4
44.9	4
44.92	4
44.94	3
44.96	3
44.98	3
45	3
45.02	3
45.04	3
45.06	3
45.08	3
45.1	3
45.12	3
45.14	3
45.16	3
45.18	3
45.2	3
45.22	2
45.24	3
45.26	3
45.28	3
45.3	2
45.32	2
45.34	2
45.36	2
45.38	2
45.4	2
45.42	2
45.44	1
45.46	1
45.48	1
45.5	1
45.52	1
45.54	1
45.56	1
45.58	1
45.6	1
45.62	1
45.64	1
45.66	1
45.68	1
45.7	1
45.72	1
45.74	1
45.76	1
45.78	1
45.8	2
45.82	2
45.84	2
45.86	2
45.88	2
45.9	3
45.92	3
45.94	4
45.96	4
45.98	5
46	7
46.02	8
46.04	11
46.06	18
46.08	30
46.1	53
46.12	88
46.14	128
46.16	152
46.18	131
46.2	86
46.22	59
46.24	57
46.26	69
46.28	78
46.3	67
46.32	41
46.34	21
46.36	11
46.38	7
46.4	5
46.42	4
46.44	3
46.46	2
46.48	2
46.5	2
46.52	2
46.54	1
46.56	1
46.58	1
46.6	1
46.62	1
46.64	1
46.66	1
46.68	1
46.7	1
46.72	1
46.74	1
46.76	1
46.78	1
46.8	1
46.82	1
46.84	1
46.86	1
46.88	1
46.9	1
46.92	1
46.94	1
46.96	1
46.98	1
47	1
47.02	1
47.04	1
47.06	1
47.08	1
47.1	1
47.12	1
47.14	1
47.16	1
47.18	1
47.2	1
47.22	1
47.24	1
47.26	1
47.28	1
47.3	1
47.32	1
47.34	1
47.36	1
47.38	1
47.4	1
47.42	1
47.44	1
47.46	1
47.48	1
47.5	1
47.52	1
47.54	1
47.56	1
47.58	1
47.6	1
47.62	1
47.64	1
47.66	1
47.68	1
47.7	1
47.72	1
47.74	1
47.76	1
47.78	1
47.8	1
47.82	1
47.84	1
47.86	1
47.88	1
47.9	1
47.92	1
47.94	1
47.96	1
47.98	1
48	1
48.02	1
48.04	1
48.06	1
48.08	1
48.1	1
48.12	1
48.14	1
48.16	1
48.18	1
48.2	1
48.22	1
48.24	1
48.26	1
48.28	1
48.3	1
48.32	1
48.34	1
48.36	1
48.38	1
48.4	1
48.42	1
48.44	1
48.46	1
48.48	1
48.5	1
48.52	1
48.54	1
48.56	1
48.58	1
48.6	1
48.62	1
48.64	1
48.66	1
48.68	1
48.7	1
48.72	1
48.74	1
48.76	1
48.78	1
48.8	1
48.82	1
48.84	1
48.86	1
48.88	1
48.9	1
48.92	1
48.94	1
48.96	1
48.98	1
49	1
49.02	1
49.04	1
49.06	1
49.08	1
49.1	1
49.12	1
49.14	1
49.16	1
49.18	1
49.2	1
49.22	1
49.24	1
49.26	1
49.28	1
49.3	1
49.32	1
49.34	1
49.36	1
49.38	1
49.4	1
49.42	1
49.44	1
49.46	1
49.48	1
49.5	1
49.52	1
49.54	1
49.56	1
49.58	1
49.6	1
49.62	1
49.64	1
49.66	1
49.68	1
49.7	1
49.72	1
49.74	1
49.76	1
49.78	1
49.8	1
49.82	1
49.84	1
49.86	1
49.88	1
49.9	1
49.92	1
49.94	1
49.96	1
49.98	1
50	1
50.02	1
50.04	1
50.06	1
50.08	1
50.1	1
50.12	1
50.14	1
50.16	1
50.18	1
50.2	1
50.22	1
50.24	1
50.26	1
50.28	1
50.3	1
50.32	1
50.34	2
50.36	2
50.38	2
50.4	2
50.42	2
50.44	2
50.46	2
50.48	2
50.5	2
50.52	2
50.54	2
50.56	2
50.58	2
50.6	2
50.62	2
50.64	2
50.66	2
50.68	2
50.7	2
50.72	2
50.74	2
50.76	2
50.78	2
50.8	2
50.82	2
50.84	3
50.86	3
50.88	3
50.9	3
50.92	3
50.94	3
50.96	3
50.98	3
51	3
51.02	3
51.04	3
51.06	3
51.08	3
51.1	3
51.12	4
51.14	4
51.16	4
51.18	4
51.2	4
51.22	4
51.24	4
51.26	4
51.28	4
51.3	5
51.32	5
51.34	5
51.36	5
51.38	5
51.4	5
51.42	6
51.44	6
51.46	6
51.48	6
51.5	7
51.52	7
51.54	7
51.56	7
51.58	8
51.6	8
51.62	8
51.64	9
51.66	9
51.68	9
51.7	10
51.72	10
51.74	11
51.76	11
51.78	12
51.8	13
51.82	13
51.84	14
51.86	15
51.88	16
51.9	17
51.92	18
51.94	19
51.96	20
51.98	21
52	23
52.02	25
52.04	27
52.06	29
52.08	31
52.1	34
52.12	37
52.14	41
52.16	45
52.18	50
52.2	55
52.22	62
52.24	70
52.26	79
52.28	91
52.3	106
52.32	124
52.34	148
52.36	180
52.38	224
52.4	291
52.42	414
52.44	665
52.46	1173
52.48	2063
52.5	3309
52.52	4497
52.54	4742
52.56	3543
52.58	2185
52.6	1478
52.62	1457
52.64	1863
52.66	2336
52.68	2408
52.7	1798
52.72	1058
52.74	558
52.76	309
52.78	200
52.8	148
52.82	117
52.84	95
52.86	79
52.88	67
52.9	58
52.92	50
52.94	44
52.96	39
52.98	35
53	32
53.02	29
53.04	26
53.06	24
53.08	22
53.1	20
53.12	18
53.14	17
53.16	16
53.18	15
53.2	14
53.22	13
53.24	12
53.26	11
53.28	11
53.3	10
53.32	10
53.34	9
53.36	9
53.38	8
53.4	8
53.42	7
53.44	7
53.46	7
53.48	6
53.5	6
53.52	6
53.54	6
53.56	5
53.58	5
53.6	5
53.62	5
53.64	5
53.66	4
53.68	4
53.7	4
53.72	4
53.74	4
53.76	4
53.78	4
53.8	3
53.82	3
53.84	3
53.86	3
53.88	3
53.9	3
53.92	3
53.94	3
53.96	3
53.98	3
54	3
54.02	2
54.04	2
54.06	2
54.08	2
54.1	2
54.12	2
54.14	2
54.16	2
54.18	2
54.2	2
54.22	2
54.24	2
54.26	2
54.28	2
54.3	2
54.32	2
54.34	2
54.36	2
54.38	2
54.4	2
54.42	2
54.44	1
54.46	1
54.48	3
54.5	2
54.52	2
54.54	3
54.56	3
54.58	3
54.6	3
54.62	3
54.64	3
54.66	3
54.68	3
54.7	3
54.72	3
54.74	3
54.76	3
54.78	3
54.8	3
54.82	3
54.84	3
54.86	2
54.88	2
54.9	2
54.92	3
54.94	3
54.96	3
54.98	3
55	3
55.02	3
55.04	3
55.06	2
55.08	2
55.1	2
55.12	3
55.14	3
55.16	3
55.18	3
55.2	3
55.22	3
55.24	3
55.26	3
55.28	3
55.3	3
55.32	3
55.34	3
55.36	3
55.38	3
55.4	3
55.42	3
55.44	3
55.46	3
55.48	4
55.5	4
55.52	4
55.54	4
55.56	4
55.58	4
55.6	4
55.62	4
55.64	4
55.66	4
55.68	4
55.7	4
55.72	5
55.74	5
55.76	5
55.78	5
55.8	5
55.82	5
55.84	5
55.86	5
55.88	5
55.9	6
55.92	6
55.94	6
55.96	6
55.98	6
56	6
56.02	6
56.04	7
56.06	7
56.08	7
56.1	7
56.12	7
56.14	8
56.16	8
56.18	8
56.2	8
56.22	9
56.24	9
56.26	9
56.28	9
56.3	10
56.32	10
56.34	10
56.36	11
56.38	11
56.4	12
56.42	12
56.44	12
56.46	13
56.48	13
56.5	14
56.52	15
56.54	15
56.56	16
56.58	16
56.6	17
56.62	18
56.64	19
56.66	20
56.68	21
56.7	22
56.72	23
56.74	24
56.76	25
56.78	27
56.8	28
56.82	30
56.84	31
56.86	33
56.88	36
56.9	38
56.92	40
56.94	43
56.96	46
56.98	50
57	54
57.02	58
57.04	64
57.06	69
57.08	76
57.1	83
57.12	92
57.14	102
57.16	114
57.18	129
57.2	146
57.22	167
57.24	193
57.26	226
57.28	267
57.3	322
57.32	397
57.34	506
57.36	692
57.38	1060
57.4	1821
57.42	3249
57.44	5454
57.46	7966
57.48	9328
57.5	7953
57.52	5191
57.54	3124
57.56	2294
57.58	2501
57.6	3364
57.62	4371
57.64	4706
57.66	3758
57.68	2359
57.7	1304
57.72	721
57.74	449
57.76	322
57.78	251
57.8	204
57.82	170
57.84	144
57.86	124
57.88	108
57.9	94
57.92	84
57.94	75
57.96	67
57.98	61
58	55
58.02	50
58.04	46
58.06	43
58.08	39
58.1	36
58.12	34
58.14	32
58.16	30
58.18	28
58.2	26
58.22	24
58.24	23
58.26	22
58.28	21
58.3	19
58.32	18
58.34	18
58.36	17
58.38	16
58.4	15
58.42	14
58.44	14
58.46	13
58.48	13
58.5	12
58.52	12
58.54	11
58.56	11
58.58	10
58.6	10
58.62	10
58.64	9
58.66	9
58.68	9
58.7	8
58.72	8
58.74	8
58.76	8
58.78	7
58.8	7
58.82	7
58.84	7
58.86	7
58.88	7
58.9	6
58.92	6
58.94	6
58.96	6
58.98	6
59	6
59.02	6
59.04	5
59.06	5
59.08	5
59.1	5
59.12	5
59.14	5
59.16	5
59.18	5
59.2	5
59.22	5
59.24	5
59.26	5
59.28	5
59.3	5
59.32	5
59.34	6
59.36	6
59.38	6
59.4	6
59.42	6
59.44	7
59.46	7
59.48	8
59.5	8
59.52	9
59.54	11
59.56	12
59.58	15
59.6	20
59.62	29
59.64	48
59.66	83
59.68	135
59.7	194
59.72	221
59.74	185
59.76	121
59.78	74
59.8	53
59.82	56
59.84	74
59.86	99
59.88	113
59.9	100
59.92	68
59.94	39
59.96	22
59.98	14
60	10
60.02	8
60.04	7
60.06	6
60.08	5
60.1	5
60.12	4
60.14	4
60.16	3
60.18	3
60.2	3
60.22	3
60.24	3
60.26	3
60.28	3
60.3	3
60.32	3
60.34	3
60.36	3
60.38	3
60.4	3
60.42	3
60.44	3
60.46	3
60.48	3
60.5	3
60.52	4
60.54	4
60.56	4
60.58	4
60.6	4
60.62	4
60.64	5
60.66	5
60.68	5
60.7	6
60.72	6
60.74	6
60.76	7
60.78	8
60.8	8
60.82	9
60.84	10
60.86	12
60.88	13
60.9	15
60.92	17
60.94	20
60.96	24
60.98	31
61	42
61.02	64
61.04	105
61.06	174
61.08	263
61.1	336
61.12	332
61.14	254
61.16	182
61.18	157
61.2	196
61.22	309
61.24	499
61.26	723
61.28	856
61.3	755
61.32	510
61.34	303
61.36	192
61.38	168
61.4	204
61.42	277
61.44	346
61.46	350
61.48	267
61.5	167
61.52	95
61.54	55
61.56	36
61.58	27
61.6	21
61.62	18
61.64	15
61.66	13
61.68	11
61.7	10
61.72	9
61.74	8
61.76	7
61.78	6
61.8	6
61.82	5
61.84	5
61.86	5
61.88	4
61.9	4
61.92	4
61.94	3
61.96	3
61.98	3
62	3
62.02	3
62.04	2
62.06	2
62.08	2
62.1	2
62.12	2
62.14	2
62.16	2
62.18	2
62.2	1
62.22	1
62.24	1
62.26	1
62.28	1
62.3	1
62.32	1
62.34	1
62.36	1
62.38	1
62.4	1
62.42	1
62.44	1
62.46	1
62.48	1
62.5	1
62.52	1
62.54	1
62.56	1
62.58	1
62.6	1
62.62	1
62.64	1
62.66	1
62.68	1
62.7	1
62.72	1
62.74	1
62.76	1
62.78	1
62.8	1
62.82	1
62.84	1
62.86	1
62.88	1
62.9	1
62.92	1
62.94	1
62.96	1
62.98	1
63	1
63.02	1
63.04	1
63.06	1
63.08	1
63.1	1
63.12	1
63.14	1
63.16	1
63.18	1
63.2	1
63.22	1
63.24	1
63.26	1
63.28	1
63.3	1
63.32	1
63.34	1
63.36	1
63.38	1
63.4	1
63.42	1
63.44	1
63.46	1
63.48	1
63.5	1
63.52	1
63.54	1
63.56	1
63.58	1
63.6	1
63.62	1
63.64	1
63.66	1
63.68	1
63.7	1
63.72	1
63.74	1
63.76	1
63.78	1
63.8	1
63.82	1
63.84	1
63.86	1
63.88	1
63.9	1
63.92	1
63.94	1
63.96	1
63.98	1
64	1
64.02	1
64.04	1
64.06	1
64.08	1
64.1	1
64.12	1
64.14	1
64.16	1
64.18	1
64.2	1
64.22	1
64.24	1
64.26	1
64.28	1
64.3	1
64.32	1
64.34	1
64.36	1
64.38	1
64.4	1
64.42	1
64.44	1
64.46	1
64.48	1
64.5	1
64.52	1
64.54	1
64.56	2
64.58	2
64.6	2
64.62	2
64.64	2
64.66	2
64.68	2
64.7	2
64.72	2
64.74	2
64.76	2
64.78	2
64.8	2
64.82	2
64.84	2
64.86	2
64.88	2
64.9	2
64.92	2
64.94	2
64.96	2
64.98	2
65	2
65.02	3
65.04	3
65.06	3
65.08	3
65.1	3
65.12	3
65.14	3
65.16	3
65.18	3
65.2	4
65.22	4
65.24	4
65.26	4
65.28	5
65.3	5
65.32	5
65.34	5
65.36	5
65.38	5
65.4	6
65.42	6
65.44	6
65.46	6
65.48	6
65.5	7
65.52	7
65.54	7
65.56	7
65.58	8
65.6	8
65.62	8
65.64	9
65.66	9
65.68	9
65.7	10
65.72	10
65.74	11
65.76	11
65.78	12
65.8	12
65.82	13
65.84	14
65.86	14
65.88	15
65.9	16
65.92	17
65.94	18
65.96	19
65.98	21
66	22
66.02	24
66.04	26
66.06	28
66.08	30
66.1	33
66.12	36
66.14	40
66.16	44
66.18	49
66.2	55
66.22	63
66.24	72
66.26	83
66.28	97
66.3	115
66.32	139
66.34	172
66.36	223
66.38	315
66.4	500
66.42	870
66.44	1517
66.46	2427
66.48	3312
66.5	3539
66.52	2814
66.54	1822
66.56	1089
66.58	723
66.6	662
66.62	833
66.64	1180
66.66	1588
66.68	1802
66.7	1576
66.72	1094
66.74	661
66.76	380
66.78	231
66.8	159
66.82	121
66.84	98
66.86	82
66.88	70
66.9	61
66.92	54
66.94	48
66.96	43
66.98	40
67	36
67.02	34
67.04	31
67.06	29
67.08	28
67.1	26
67.12	25
67.14	24
67.16	23
67.18	22
67.2	22
67.22	21
67.24	21
67.26	21
67.28	20
67.3	20
67.32	20
67.34	20
67.36	20
67.38	20
67.4	21
67.42	21
67.44	21
67.46	22
67.48	22
67.5	23
67.52	23
67.54	24
67.56	25
67.58	26
67.6	27
67.62	29
67.64	30
67.66	32
67.68	34
67.7	36
67.72	39
67.74	41
67.76	45
67.78	48
67.8	53
67.82	58
67.84	63
67.86	70
67.88	79
67.9	88
67.92	101
67.94	115
67.96	134
67.98	158
68	189
68.02	232
68.04	293
68.06	396
68.08	594
68.1	997
68.12	1752
68.14	2937
68.16	4355
68.18	5283
68.2	4842
68.22	3435
68.24	2112
68.26	1284
68.28	947
68.3	986
68.32	1323
68.34	1883
68.36	2465
68.38	2659
68.4	2207
68.42	1490
68.44	893
68.46	517
68.48	320
68.5	222
68.52	170
68.54	138
68.56	115
68.58	98
68.6	84
68.62	74
68.64	65
68.66	58
68.68	52
68.7	47
68.72	42
68.74	39
68.76	35
68.78	33
68.8	30
68.82	28
68.84	26
68.86	24
68.88	23
68.9	21
68.92	20
68.94	19
68.96	18
68.98	17
69	16
69.02	15
69.04	14
69.06	14
69.08	13
69.1	12
69.12	12
69.14	11
69.16	11
69.18	10
69.2	9
69.22	9
69.24	9
69.26	8
69.28	8
69.3	8
69.32	7
69.34	7
69.36	7
69.38	7
69.4	6
69.42	6
69.44	6
69.46	6
69.48	5
69.5	5
69.52	5
69.54	5
69.56	5
69.58	5
69.6	5
69.62	5
69.64	4
69.66	4
69.68	4
69.7	4
69.72	4
69.74	4
69.76	4
69.78	4
69.8	4
69.82	4
69.84	4
69.86	4
69.88	3
69.9	3
69.92	3
69.94	3
69.96	3
69.98	3
70	3
70.02	4
70.04	4
70.06	4
70.08	4
70.1	4
70.12	4
70.14	4
70.16	5
70.18	5
70.2	6
70.22	6
70.24	7
70.26	9
70.28	12
70.3	18
70.32	30
70.34	50
70.36	76
70.38	99
70.4	101
70.42	78
70.44	51
70.46	31
70.48	21
70.5	18
70.52	21
70.54	29
70.56	40
70.58	50
70.6	51
70.62	41
70.64	27
70.66	17
70.68	10
70.7	7
70.72	5
70.74	4
70.76	4
70.78	3
70.8	3
70.82	3
70.84	3
70.86	2
70.88	2
70.9	2
70.92	1
70.94	1
70.96	1
70.98	1
71	1
71.02	1
71.04	1
71.06	1
71.08	1
71.1	1
71.12	1
71.14	1
71.16	1
71.18	1
71.2	1
71.22	1
71.24	1
71.26	1
71.28	1
71.3	1
71.32	1
71.34	1
71.36	1
71.38	1
71.4	1
71.42	1
71.44	1
71.46	1
71.48	1
71.5	1
71.52	1
71.54	1
71.56	1
71.58	1
71.6	1
71.62	1
71.64	1
71.66	1
71.68	1
71.7	1
71.72	1
71.74	1
71.76	1
71.78	1
71.8	1
71.82	1
71.84	1
71.86	1
71.88	1
71.9	1
71.92	1
71.94	1
71.96	1
71.98	1
72	1
72.02	1
72.04	1
72.06	1
72.08	1
72.1	1
72.12	1
72.14	1
72.16	1
72.18	1
72.2	1
72.22	1
72.24	1
72.26	1
72.28	1
72.3	1
72.32	1
72.34	1
72.36	1
72.38	1
72.4	1
72.42	1
72.44	1
72.46	1
72.48	1
72.5	1
72.52	1
72.54	1
72.56	1
72.58	1
72.6	1
72.62	1
72.64	1
72.66	1
72.68	1
72.7	1
72.72	1
72.74	1
72.76	1
72.78	1
72.8	1
72.82	1
72.84	1
72.86	1
72.88	1
72.9	1
72.92	1
72.94	1
72.96	1
72.98	1
73	1
73.02	1
73.04	1
73.06	1
73.08	1
73.1	1
73.12	1
73.14	1
73.16	1
73.18	1
73.2	1
73.22	1
73.24	1
73.26	1
73.28	1
73.3	1
73.32	1
73.34	1
73.36	1
73.38	1
73.4	1
73.42	1
73.44	1
73.46	1
73.48	1
73.5	1
73.52	1
73.54	1
73.56	1
73.58	1
73.6	1
73.62	1
73.64	1
73.66	1
73.68	1
73.7	1
73.72	1
73.74	1
73.76	1
73.78	1
73.8	1
73.82	1
73.84	1
73.86	1
73.88	1
73.9	2
73.92	2
73.94	2
73.96	2
73.98	2
74	3
74.02	3
74.04	4
74.06	4
74.08	5
74.1	6
74.12	7
74.14	9
74.16	13
74.18	21
74.2	35
74.22	60
74.24	94
74.26	127
74.28	136
74.3	112
74.32	76
74.34	47
74.36	29
74.38	22
74.4	21
74.42	27
74.44	38
74.46	54
74.48	66
74.5	67
74.52	53
74.54	36
74.56	22
74.58	13
74.6	9
74.62	6
74.64	5
74.66	4
74.68	3
74.7	3
74.72	3
74.74	2
74.76	2
74.78	2
74.8	2
74.82	2
74.84	2
74.86	2
74.88	2
74.9	2
74.92	2
74.94	1
74.96	1
74.98	1
75	2
75.02	2
75.04	2
75.06	2
75.08	2
75.1	2
75.12	2
75.14	2
75.16	1
75.18	1
75.2	1
75.22	1
75.24	1
75.26	1
75.28	1
75.3	1
75.32	1
75.34	1
75.36	1
75.38	1
75.4	2
75.42	2
75.44	2
75.46	2
75.48	2
75.5	2
75.52	2
75.54	2
75.56	2
75.58	2
75.6	2
75.62	2
75.64	2
75.66	2
75.68	2
75.7	2
75.72	2
75.74	2
75.76	3
75.78	3
75.8	3
75.82	3
75.84	3
75.86	3
75.88	3
75.9	4
75.92	4
75.94	4
75.96	4
75.98	4
76	4
76.02	4
76.04	5
76.06	5
76.08	5
76.1	5
76.12	6
76.14	6
76.16	6
76.18	7
76.2	7
76.22	7
76.24	8
76.26	8
76.28	9
76.3	9
76.32	10
76.34	11
76.36	11
76.38	12
76.4	13
76.42	14
76.44	15
76.46	17
76.48	18
76.5	20
76.52	22
76.54	25
76.56	28
76.58	32
76.6	36
76.62	42
76.64	49
76.66	58
76.68	70
76.7	88
76.72	117
76.74	170
76.76	274
76.78	465
76.8	766
76.82	1144
76.84	1447
76.86	1438
76.88	1120
76.9	744
76.92	461
76.94	298
76.96	231
76.98	232
77	292
77.02	411
77.04	576
77.06	735
77.08	787
77.1	693
77.12	561
77.14	495
77.16	535
77.18	659
77.2	778
77.22	761
77.24	596
77.26	403
77.28	255
77.3	168
77.32	129
77.34	123
77.36	147
77.38	199
77.4	274
77.42	349
77.44	374
77.46	321
77.48	231
77.5	150
77.52	94
77.54	61
77.56	43
77.58	34
77.6	28
77.62	24
77.64	21
77.66	18
77.68	16
77.7	15
77.72	13
77.74	12
77.76	11
77.78	10
77.8	10
77.82	9
77.84	8
77.86	8
77.88	7
77.9	7
77.92	6
77.94	6
77.96	6
77.98	6
78	5
78.02	5
78.04	5
78.06	5
78.08	4
78.1	4
78.12	4
78.14	4
78.16	4
78.18	4
78.2	3
78.22	3
78.24	3
78.26	3
78.28	3
78.3	3
78.32	3
78.34	3
78.36	3
78.38	2
78.4	2
78.42	2
78.44	2
78.46	2
78.48	2
78.5	2
78.52	2
78.54	2
78.56	2
78.58	2
78.6	2
78.62	2
78.64	2
78.66	2
78.68	2
78.7	2
78.72	2
78.74	2
78.76	2
78.78	2
78.8	2
78.82	2
78.84	2
78.86	2
78.88	1
78.9	1
78.92	1
78.94	1
78.96	1
78.98	1
79	1
79.02	1
79.04	1
79.06	1
79.08	1
79.1	1
79.12	1
79.14	1
79.16	1
79.18	1
79.2	1
79.22	1
79.24	1
79.26	1
79.28	1
79.3	1
79.32	1
79.34	1
79.36	1
79.38	1
79.4	1
79.42	1
79.44	1
79.46	1
79.48	1
79.5	1
79.52	1
79.54	1
79.56	1
79.58	1
79.6	1
79.62	1
79.64	1
79.66	1
79.68	1
79.7	1
79.72	1
79.74	1
79.76	2
79.78	2
79.8	2
79.82	2
79.84	2
79.86	2
79.88	2
79.9	2
79.92	2
79.94	2
79.96	2
79.98	3
80	3
80.02	3
80.04	3
80.06	3
80.08	4
80.1	4
80.12	4
80.14	5
80.16	5
80.18	6
80.2	7
80.22	7
80.24	9
80.26	10
80.28	13
80.3	18
80.32	26
80.34	39
80.36	54
80.38	66
80.4	67
80.42	57
80.44	45
80.46	37
80.48	34
80.5	36
80.52	43
80.54	57
80.56	84
80.58	134
80.6	221
80.62	347
80.64	491
80.66	591
80.68	567
80.7	436
80.72	290
80.74	180
80.76	114
80.78	83
80.8	76
80.82	88
80.84	120
80.86	171
80.88	234
80.9	282
80.92	277
80.94	222
80.96	153
80.98	97
81	60
81.02	38
81.04	27
81.06	21
81.08	17
81.1	14
81.12	12
81.14	10
81.16	9
81.18	8
81.2	7
81.22	6
81.24	6
81.26	5
81.28	5
81.3	4
81.32	4
81.34	4
81.36	3
81.38	3
81.4	3
81.42	3
81.44	3
81.46	2
81.48	2
81.5	2
81.52	2
81.54	2
81.56	2
81.58	2
81.6	2
81.62	2
81.64	2
81.66	1
81.68	1
81.7	1
81.72	1
81.74	1
81.76	1
81.78	1
81.8	1
81.82	1
81.84	1
81.86	1
81.88	1
81.9	1
81.92	1
81.94	1
81.96	1
81.98	1
82	1
82.02	1
82.04	1
82.06	1
82.08	1
82.1	1
82.12	1
82.14	1
82.16	1
82.18	1
82.2	1
82.22	1
82.24	1
82.26	1
82.28	1
82.3	1
82.32	1
82.34	1
82.36	1
82.38	1
82.4	1
82.42	1
82.44	1
82.46	1
82.48	1
82.5	1
82.52	1
82.54	1
82.56	1
82.58	1
82.6	1
82.62	1
82.64	1
82.66	1
82.68	1
82.7	1
82.72	1
82.74	1
82.76	1
82.78	1
82.8	1
82.82	1
82.84	1
82.86	1
82.88	1
82.9	2
82.92	2
82.94	2
82.96	3
82.98	3
83	4
83.02	4
83.04	5
83.06	7
83.08	11
83.1	18
83.12	29
83.14	45
83.16	64
83.18	76
83.2	71
83.22	55
83.24	37
83.26	23
83.28	15
83.3	11
83.32	10
83.34	11
83.36	14
83.38	20
83.4	28
83.42	36
83.44	38
83.46	34
83.48	25
83.5	17
83.52	11
83.54	8
83.56	6
83.58	5
83.6	4
83.62	4
83.64	3
83.66	3
83.68	3
83.7	3
83.72	3
83.74	3
83.76	3
83.78	3
83.8	3
83.82	4
83.84	4
83.86	4
83.88	4
83.9	5
83.92	5
83.94	5
83.96	6
83.98	6
84	7
84.02	8
84.04	9
84.06	10
84.08	11
84.1	13
84.12	16
84.14	19
84.16	23
84.18	30
84.2	42
84.22	64
84.24	105
84.26	173
84.28	268
84.3	371
84.32	429
84.34	394
84.36	296
84.38	196
84.4	123
84.42	79
84.44	58
84.46	51
84.48	57
84.5	74
84.52	105
84.54	148
84.56	192
84.58	212
84.6	191
84.62	144
84.64	97
84.66	61
84.68	39
84.7	26
84.72	19
84.74	15
84.76	12
84.78	11
84.8	9
84.82	8
84.84	7
84.86	7
84.88	6
84.9	6
84.92	5
84.94	5
84.96	5
84.98	6
85	6
85.02	8
85.04	11
85.06	16
85.08	21
85.1	25
85.12	24
85.14	19
85.16	13
85.18	9
85.2	7
85.22	5
85.24	5
85.26	5
85.28	5
85.3	7
85.32	9
85.34	11
85.36	13
85.38	12
85.4	10
85.42	8
85.44	6
85.46	4
85.48	4
85.5	3
85.52	3
85.54	3
85.56	3
85.58	3
85.6	3
85.62	3
85.64	3
85.66	3
85.68	3
85.7	3
85.72	3
85.74	3
85.76	3
85.78	3
85.8	4
85.82	4
85.84	4
85.86	4
85.88	4
85.9	5
85.92	5
85.94	6
85.96	6
85.98	7
86	7
86.02	8
86.04	9
86.06	10
86.08	12
86.1	14
86.12	16
86.14	19
86.16	23
86.18	30
86.2	42
86.22	63
86.24	101
86.26	159
86.28	234
86.3	305
86.32	332
86.34	295
86.36	229
86.38	179
86.4	162
86.42	181
86.44	223
86.46	265
86.48	271
86.5	241
86.52	206
86.54	189
86.56	190
86.58	192
86.6	174
86.62	141
86.64	110
86.66	93
86.68	93
86.7	106
86.72	122
86.74	128
86.76	113
86.78	86
86.8	59
86.82	39
86.84	27
86.86	19
86.88	15
86.9	12
86.92	10
86.94	9
86.96	8
86.98	7
87	6
87.02	6
87.04	5
87.06	5
87.08	4
87.1	4
87.12	4
87.14	4
87.16	3
87.18	3
87.2	3
87.22	3
87.24	3
87.26	3
87.28	2
87.3	2
87.32	2
87.34	2
87.36	2
87.38	2
87.4	2
87.42	2
87.44	2
87.46	2
87.48	2
87.5	2
87.52	2
87.54	2
87.56	2
87.58	2
87.6	2
87.62	2
87.64	2
87.66	2
87.68	2
87.7	2
87.72	1
87.74	1
87.76	1
87.78	1
87.8	1
87.82	1
87.84	1
87.86	1
87.88	1
87.9	1
87.92	1
87.94	1
87.96	1
87.98	1
88	1
88.02	1
88.04	2
88.06	2
88.08	2
88.1	2
88.12	2
88.14	2
88.16	2
88.18	2
88.2	2
88.22	2
88.24	2
88.26	3
88.28	3
88.3	3
88.32	3
88.34	3
88.36	3
88.38	4
88.4	4
88.42	4
88.44	4
88.46	5
88.48	5
88.5	6
88.52	6
88.54	7
88.56	7
88.58	8
88.6	9
88.62	10
88.64	11
88.66	12
88.68	14
88.7	16
88.72	18
88.74	21
88.76	25
88.78	30
88.8	37
88.82	48
88.84	66
88.86	100
88.88	161
88.9	259
88.92	394
88.94	541
88.96	637
88.98	607
89	475
89.02	326
89.04	209
89.06	133
89.08	92
89.1	74
89.12	71
89.14	81
89.16	107
89.18	150
89.2	210
89.22	274
89.24	313
89.26	298
89.28	237
89.3	167
89.32	109
89.34	70
89.36	46
89.38	32
89.4	25
89.42	20
89.44	17
89.46	14
89.48	12
89.5	11
89.52	10
89.54	9
89.56	8
89.58	7
89.6	6
89.62	6
89.64	5
89.66	5
89.68	5
89.7	4
89.72	4
89.74	4
89.76	3
89.78	3
89.8	3
89.82	3
89.84	3
89.86	3
89.88	2
89.9	2
89.92	2
89.94	2
89.96	2
89.98	2
90	2